151.308 151.234 151.005 152.203 152.017 151.120
151.357 150.951 150.998 152.401 151.451 151.532
151.526 150.629 150.956 152.211 151.932 150.963
150.843 150.855 150.919 151.822 151.657 150.826
151.372 151.011 150.978 152.325 152.555 151.321
151.885 151.482 151.097 152.786 151.750 151.032
151.310 151.395 150.954 152.161 151.461 151.430
151.007 150.784 150.940 152.769 151.866 151.306
151.793 151.728 151.424 152.571 152.921 151.191
150.835 151.160 151.023 152.297 151.734 151.483
150.993 150.855 150.982 152.118 152.457 151.338
150.629 150.924 151.081 152.293 151.597 151.525
150.943 150.980 151.121 152.033 152.184 151.166
151.237 150.715 151.250 152.409 152.362 150.861
151.780 150.949 150.944 151.931 151.752 151.796
151.908 150.852 150.905 152.751 151.471 150.882
151.201 151.291 151.012 152.269 151.644 151.597
150.991 151.300 150.885 153.685 151.528 151.201
151.050 151.427 150.876 152.014 152.401 151.525
151.919 150.886 150.992 151.957 151.971 151.491
151.061 151.724 150.990 152.566 151.717 151.500
150.926 151.309 151.001 153.350 151.724 150.746
151.147 151.230 151.870 152.560 152.140 151.888
151.225 151.213 151.204 152.193 152.172 151.702
151.737 151.009 151.087 152.372 151.534 151.290
151.043 151.100 150.910 152.350 151.986 151.636
151.234 151.388 150.943 152.084 152.024 151.314
151.618 151.422 151.021 153.512 151.988 150.985
150.976 150.921 151.067 152.012 151.685 151.176
151.484 150.897 150.943 153.203 152.485 150.906