1 0.3608
2 0.3607
3 0.3605
4 0.3612
5 0.3616
6 0.3628
7 0.3618
8 0.3626
9 0.3625
10 0.3628
11 0.3626
12 0.3625
13 0.3628
14 0.3627
15 0.3624
16 0.3625
17 0.3624
18 0.3623 
19 0.3621
20 0.3617
21 0.3627
22 0.3618
23 0.3625
24 0.3608
25 0.3607
26 0.3604
27 0.3608
28 0.3605
29 0.3605
30 0.3611
31 0.3628
32 0.3618
33 0.3624
34 0.3625
35 0.3626
36 0.3627
37 0.3625
38 0.3621
39 0.3627
40 0.3621
41 0.3635
42 0.3633
43 0.3628
44 0.3629
45 0.3633
46 0.3628
47 0.3627
48 0.3624
49 0.3629
50 0.3626